0 1
0 2
0 3
0 4
0 5
6 7
6 8
6 9
6 10
6 11
12 13
12 14
12 15
12 16
12 17
18 19
18 20
18 21
18 22
18 23
24 25
24 26
24 27
24 28
24 29
30 31
30 32
30 33
30 34
30 35
36 37
36 38
36 39
36 40
36 41
42 43
42 44
42 45
42 46
42 47
48 49
48 50
48 51
48 52
48 53
54 55
54 56
54 57
54 58
54 59
60 61
60 62
60 63
60 64
60 65
66 67
66 68
66 69
66 70
66 71
72 73
72 74
72 75
72 76
72 77
78 79
78 80
78 81
78 82
78 83
84 85
84 86
84 87
84 88
84 89
90 91
90 92
90 93
90 94
90 95
96 97
96 98
96 99
96 100
96 101
102 103
102 104
102 105
102 106
102 107
108 109
108 110
108 111
108 112
108 113
114 115
114 116
114 117
114 118
114 119